1111111111111111111111111111111111
1111111111111111111111111111111111
1111111111111111111111111111111111
1111111111111111111111111111111111
1111111111111111111111111111111111
1111111111111111111111111111111111
1111111111111111111111111111111111
1111111111111111111111111111111111
1111111111111111111111111111111111
1111111111111111111111111111111111
1111111111111111111111111111111111
1111111111111111111111111111111111
1111111111111111111111111111111111
1111111111111111111111111111111111
1111111111111111111111111111111111
1111111111111111111111111111111111
1111111111111111111111111111111111
1111111111111111111111111111111111
1111111111111111111111111111111111
1111111111111111111111111111111111
1111111111111111111111111111111111
1111111111111111111111111111111111
1111111111111111111111111111111111
1111111111111111111111111111111111
1111111111111111111111111111111111
1111111111111111111111111111111111
1111111111111111111111111111111111
1111111111111111111111111111111111
1111111111111111111111111111111111
111111111ssawssgggdddsss
hhhhhjjjjjhhhhss8888